"","V1","V2","V3","V4","V5","V6","V7","V8","V9","V10","V11","V12"
"1",1e-05,0.116589,0.518458,1e-05,1e-05,0.364863,1e-05,1e-05,1e-05,1e-05,1e-05,1e-05
"2",1e-05,0.038154,0.300716,1e-05,0.011542,0.649508,1e-05,1e-05,1e-05,1e-05,1e-05,1e-05
"3",1e-05,0.014453,0.326183,1e-05,0.010381,0.648904,1e-05,1e-05,1e-05,1e-05,1e-05,1e-05
"4",1e-05,1e-05,0.907078,1e-05,1e-05,0.092822,1e-05,1e-05,1e-05,1e-05,1e-05,1e-05
"5",1e-05,0.20242,1e-05,1e-05,0.541489,0.200868,1e-05,0.038325,1e-05,1e-05,0.011154,0.005684
"6",1e-05,0.044645,0.758538,0.083249,1e-05,0.113452,1e-05,1e-05,1e-05,1e-05,1e-05,4.6e-05
"7",1e-05,0.043185,0.829426,1e-05,1e-05,0.1273,1e-05,1e-05,1e-05,1e-05,1e-05,1e-05
"8",1e-05,1e-05,1e-05,1e-05,1e-05,1e-05,1e-05,1e-05,0.99989,1e-05,1e-05,1e-05
"9",1e-05,1e-05,1e-05,1e-05,1e-05,1e-05,1e-05,1e-05,0.99989,1e-05,1e-05,1e-05
"10",1e-05,1e-05,1e-05,1e-05,1e-05,1e-05,1e-05,1e-05,0.99989,1e-05,1e-05,1e-05
"11",1e-05,1e-05,1e-05,1e-05,1e-05,1e-05,1e-05,1e-05,0.99989,1e-05,1e-05,1e-05
"12",1e-05,1e-05,0.05143,1e-05,1e-05,1e-05,1e-05,1e-05,0.94847,1e-05,1e-05,1e-05
"13",1e-05,1e-05,1e-05,1e-05,1e-05,1e-05,1e-05,1e-05,1e-05,1e-05,1e-05,0.99989
"14",1e-05,1e-05,1e-05,1e-05,1e-05,1e-05,1e-05,1e-05,1e-05,1e-05,1e-05,0.99989
"15",1e-05,1e-05,1e-05,1e-05,1e-05,1e-05,1e-05,1e-05,1e-05,1e-05,1e-05,0.99989
"16",1e-05,1e-05,1e-05,1e-05,1e-05,1.9e-05,1e-05,1e-05,1e-05,1e-05,1e-05,0.999881
"17",1e-05,1e-05,1e-05,1e-05,1e-05,1e-05,1e-05,1e-05,1e-05,1.8e-05,1e-05,0.999882
"18",1e-05,1e-05,1e-05,1e-05,1e-05,1e-05,1e-05,1e-05,1e-05,1e-05,1e-05,0.99989
"19",1e-05,1e-05,1e-05,1e-05,1.5e-05,1e-05,1e-05,1e-05,1e-05,1.8e-05,1e-05,0.999877
"20",1e-05,1e-05,1e-05,1e-05,1e-05,1e-05,1e-05,1e-05,1e-05,1e-05,1e-05,0.99989
"21",1e-05,1e-05,0.037541,1e-05,0.101638,0.662594,1e-05,1e-05,1e-05,0.112395,0.03839,0.047382
"22",1e-05,1e-05,0.347899,1e-05,0.121232,0.502594,1e-05,1e-05,1e-05,0.013388,1e-05,0.014817
"23",1e-05,1e-05,1e-05,1e-05,1e-05,1e-05,1e-05,1.8e-05,1e-05,1e-05,1e-05,0.999882
"24",1e-05,1e-05,1e-05,1e-05,1e-05,1e-05,1e-05,1e-05,1e-05,1e-05,1e-05,0.99989
"25",1e-05,1e-05,1e-05,1e-05,1.5e-05,1e-05,1e-05,1e-05,1e-05,1e-05,1e-05,0.999885
"26",1e-05,1e-05,1e-05,1e-05,1e-05,1e-05,1e-05,1e-05,1e-05,1e-05,1e-05,0.999889
"27",1e-05,1e-05,1e-05,1e-05,1.7e-05,1e-05,1e-05,1e-05,1e-05,1e-05,1e-05,0.999883
"28",1e-05,1e-05,1e-05,1e-05,1e-05,1e-05,1e-05,1e-05,1e-05,1e-05,1e-05,0.99989
"29",0.99989,1e-05,1e-05,1e-05,1e-05,1e-05,1e-05,1e-05,1e-05,1e-05,1e-05,1e-05
"30",0.99989,1e-05,1e-05,1e-05,1e-05,1e-05,1e-05,1e-05,1e-05,1e-05,1e-05,1e-05
"31",0.99989,1e-05,1e-05,1e-05,1e-05,1e-05,1e-05,1e-05,1e-05,1e-05,1e-05,1e-05
"32",0.99989,1e-05,1e-05,1e-05,1e-05,1e-05,1e-05,1e-05,1e-05,1e-05,1e-05,1e-05
"33",0.99989,1e-05,1e-05,1e-05,1e-05,1e-05,1e-05,1e-05,1e-05,1e-05,1e-05,1e-05
"34",1e-05,1e-05,0.308651,0.051717,0.232853,0.173359,1e-05,1e-05,0.008022,0.157104,1e-05,0.068246
"35",1e-05,1e-05,1e-05,1e-05,1.1e-05,1e-05,1e-05,1e-05,1e-05,1.8e-05,1e-05,0.999881
"36",1e-05,1e-05,1e-05,1e-05,1.1e-05,1e-05,1e-05,1e-05,1e-05,1.8e-05,1e-05,0.999881
"37",1e-05,1e-05,1e-05,1e-05,1e-05,1e-05,1e-05,1e-05,1e-05,1e-05,1e-05,0.99989
"38",1e-05,1e-05,1e-05,1e-05,1e-05,1.3e-05,1.7e-05,1.2e-05,1e-05,1e-05,1e-05,0.999878
"39",1e-05,1e-05,1e-05,1e-05,1e-05,0.36001,1e-05,1e-05,1e-05,1e-05,1e-05,0.63989
"40",1e-05,1e-05,0.906353,1e-05,0.024799,1e-05,1e-05,1e-05,0.068758,1e-05,1e-05,1e-05
"41",1e-05,1e-05,1e-05,1e-05,1e-05,0.751498,1e-05,1e-05,1e-05,1e-05,1e-05,0.248402
"42",1e-05,1e-05,1e-05,1e-05,0.047068,0.051519,1e-05,0.05991,1e-05,0.839845,0.001588,1e-05
"43",1e-05,1e-05,1e-05,1e-05,1e-05,1e-05,1e-05,0.021709,1e-05,0.978191,1e-05,1e-05
"44",1e-05,1e-05,0.032677,1e-05,0.057144,0.01476,1e-05,1e-05,1e-05,0.84587,0.036164,0.013325
"45",1e-05,1e-05,1e-05,1e-05,0.027957,1e-05,1e-05,0.093508,1e-05,0.804399,0.034448,0.039619
"46",1e-05,1e-05,1e-05,1e-05,0.041095,0.006754,1e-05,1e-05,1e-05,0.906189,0.032716,0.013176
"47",1e-05,1e-05,1e-05,1e-05,0.010597,0.007976,1e-05,1e-05,1e-05,0.948772,0.001831,0.030753
"48",1e-05,1e-05,1e-05,1e-05,1e-05,1e-05,1e-05,0.47622,1e-05,0.52368,1e-05,1e-05
"49",1e-05,1e-05,1e-05,1e-05,1e-05,1e-05,1e-05,1e-05,1e-05,0.99989,1e-05,1e-05
"50",1e-05,1e-05,1e-05,1e-05,1e-05,1e-05,1e-05,1e-05,0.005205,0.994695,1e-05,1e-05
"51",1e-05,1e-05,1e-05,1e-05,1e-05,1e-05,1e-05,1e-05,1e-05,0.994692,0.005208,1e-05
"52",1e-05,1e-05,1e-05,1e-05,0.264275,0.029293,1e-05,0.12545,1e-05,0.464992,0.092602,0.023328
"53",1e-05,1e-05,0.020232,1e-05,0.294615,1e-05,1e-05,0.120809,1e-05,0.445359,0.09936,0.019564
"54",1e-05,1e-05,1e-05,1e-05,0.633235,1e-05,1e-05,1e-05,0.038002,1e-05,0.328674,1e-05
"55",1e-05,1e-05,1e-05,1e-05,0.622631,1e-05,1e-05,1e-05,0.101599,1e-05,0.27568,1e-05
"56",1e-05,1e-05,1e-05,1e-05,0.641469,0.024223,1e-05,1e-05,0.037761,0.085323,0.196344,0.014821
"57",1e-05,1e-05,1e-05,1e-05,0.723007,1e-05,1e-05,1e-05,0.064682,1e-05,0.186127,0.026104
"58",0.046669,1e-05,1e-05,1e-05,0.014202,1e-05,1e-05,1e-05,1e-05,1e-05,0.939039,1e-05
"59",1e-05,1e-05,1e-05,1e-05,1.2e-05,1e-05,1e-05,1e-05,1e-05,1e-05,1e-05,0.999888
"60",1e-05,1e-05,1e-05,1e-05,1e-05,1e-05,1e-05,1e-05,1e-05,1e-05,1e-05,0.99989
"61",1e-05,1e-05,1e-05,1e-05,1e-05,1e-05,1e-05,1e-05,1e-05,1.1e-05,1e-05,0.999889
"62",1e-05,1e-05,1e-05,1e-05,1e-05,1e-05,1e-05,1e-05,1e-05,1.8e-05,1e-05,0.999882
"63",1e-05,1e-05,1e-05,1e-05,1e-05,1e-05,1e-05,1e-05,1e-05,1e-05,1e-05,0.99989
"64",1e-05,1e-05,1e-05,1e-05,1.1e-05,1e-05,1e-05,1e-05,1e-05,1e-05,1e-05,0.999889
"65",1e-05,1e-05,1e-05,1e-05,1e-05,1e-05,1e-05,1e-05,1e-05,1e-05,1e-05,0.99989
"66",1e-05,1e-05,1e-05,1e-05,1e-05,1.9e-05,1e-05,1e-05,1e-05,1e-05,1e-05,0.999881
"67",1e-05,1e-05,1e-05,1e-05,1e-05,1.6e-05,1e-05,1e-05,1e-05,1e-05,1e-05,0.999884
"68",1e-05,1e-05,1e-05,1e-05,1e-05,1.6e-05,1e-05,1e-05,1e-05,1e-05,1e-05,0.999884
"69",1e-05,1e-05,1e-05,1e-05,1.5e-05,1e-05,1e-05,1e-05,1e-05,1e-05,1e-05,0.999885
"70",1e-05,1e-05,1e-05,1e-05,1e-05,1e-05,1e-05,1e-05,1e-05,1e-05,1e-05,0.99989
"71",1e-05,1e-05,1e-05,1e-05,1e-05,1e-05,1.1e-05,1e-05,1e-05,1.2e-05,1e-05,0.999887
"72",1e-05,1e-05,1e-05,1e-05,1e-05,1e-05,1e-05,1e-05,1e-05,1e-05,1e-05,0.99989
"73",1e-05,1e-05,1e-05,1e-05,0.026462,0.279143,1e-05,1e-05,0.163403,1e-05,1e-05,0.530912
"74",1e-05,1e-05,1e-05,1e-05,1e-05,1e-05,1e-05,1e-05,1e-05,1.8e-05,1e-05,0.999882
"75",1e-05,1e-05,1e-05,1e-05,1e-05,1e-05,1e-05,1e-05,1e-05,1e-05,1e-05,0.99989
"76",1e-05,1e-05,1e-05,1e-05,1e-05,1e-05,1e-05,1.4e-05,1e-05,1e-05,1e-05,0.999886
"77",1e-05,1e-05,0.013869,1e-05,1e-05,0.000488,1e-05,1e-05,0.063258,1e-05,1e-05,0.922304
"78",1e-05,1e-05,1e-05,1e-05,1e-05,0.220092,1e-05,0.027198,0.025906,1e-05,1e-05,0.726724
"79",1e-05,0.015885,0.225745,1e-05,0.011089,0.077946,1e-05,1e-05,1e-05,1e-05,0.003628,0.665646
"80",0.935945,1e-05,1e-05,1e-05,1e-05,1e-05,1e-05,1e-05,0.063955,1e-05,1e-05,1e-05
"81",0.083355,1e-05,1e-05,1e-05,1e-05,0.049755,1e-05,1e-05,0.391027,1e-05,0.013308,0.462485
"82",1e-05,1e-05,1e-05,1e-05,1e-05,1e-05,1e-05,1e-05,1e-05,1e-05,1e-05,0.99989
"83",1e-05,1e-05,1e-05,1e-05,1e-05,1e-05,1e-05,1e-05,1e-05,1e-05,1e-05,0.99989
"84",0.048435,0.02087,0.043157,1e-05,1e-05,0.077101,1e-05,1e-05,0.327301,0.035509,1e-05,0.447577
"85",0.121796,0.034218,0.211295,0.028168,1e-05,0.118806,1e-05,0.003358,0.34991,0.129097,1e-05,0.003322
"86",1e-05,1e-05,1e-05,1e-05,1e-05,1e-05,1e-05,1e-05,1e-05,1.2e-05,1e-05,0.999888
"87",1e-05,1e-05,1e-05,1e-05,1.3e-05,1e-05,1.6e-05,1e-05,1e-05,1e-05,1e-05,0.999881
"88",1e-05,1e-05,1e-05,1e-05,1.2e-05,1e-05,1e-05,1e-05,1e-05,1.1e-05,1e-05,0.999887
"89",1e-05,1e-05,1e-05,1e-05,0.02427,0.226007,1e-05,1e-05,1e-05,1e-05,1e-05,0.749633
"90",1e-05,1e-05,1e-05,1e-05,1e-05,1e-05,1e-05,1e-05,1e-05,1e-05,1e-05,0.99989
"91",1e-05,1e-05,1e-05,1e-05,1e-05,1e-05,1e-05,1e-05,1e-05,1e-05,1e-05,0.99989
"92",1e-05,1e-05,1e-05,1e-05,1e-05,1e-05,1e-05,1e-05,1e-05,1e-05,1e-05,0.99989
"93",1e-05,1e-05,1e-05,1e-05,1.5e-05,1e-05,1e-05,1e-05,1e-05,1e-05,1e-05,0.999885
"94",1e-05,1e-05,1e-05,1e-05,1e-05,1e-05,1e-05,1e-05,1e-05,1e-05,1e-05,0.99989
"95",1e-05,1e-05,1e-05,1e-05,1e-05,1e-05,1e-05,1e-05,1e-05,1e-05,1e-05,0.99989
"96",1e-05,1e-05,1e-05,1e-05,1e-05,1.9e-05,1e-05,1e-05,1e-05,1e-05,1e-05,0.999881
"97",0.007514,1e-05,0.514996,1e-05,0.006464,0.220845,1e-05,0.076623,0.018634,0.040445,1e-05,0.114439
"98",1e-05,1e-05,1e-05,1e-05,1e-05,1e-05,1e-05,1e-05,1e-05,1e-05,1e-05,0.99989
"99",0.23116,1e-05,1e-05,1e-05,1e-05,1e-05,1e-05,1e-05,0.729113,1e-05,0.016787,0.02286
"100",1e-05,1e-05,1e-05,1e-05,1e-05,1e-05,1e-05,1e-05,1e-05,1e-05,1e-05,0.99989
"101",1e-05,1e-05,1e-05,1e-05,1e-05,1e-05,1e-05,1e-05,1e-05,1e-05,1e-05,0.99989
"102",1e-05,1e-05,1e-05,1e-05,1e-05,1e-05,1e-05,1e-05,1.6e-05,1e-05,1e-05,0.999884
"103",1e-05,1e-05,0.148453,1e-05,1e-05,0.515274,1e-05,1e-05,1e-05,1e-05,1e-05,0.336183
"104",1e-05,1e-05,0.076425,1e-05,1e-05,0.373722,1e-05,1e-05,1e-05,1e-05,1e-05,0.549763
"105",1e-05,1e-05,1e-05,1e-05,1e-05,1e-05,1e-05,1e-05,1e-05,1e-05,1e-05,0.99989
"106",1e-05,1e-05,1e-05,1e-05,1e-05,1e-05,1e-05,1e-05,1e-05,1e-05,1e-05,0.99989
"107",1e-05,1e-05,0.437619,1e-05,1e-05,0.544573,1e-05,0.002929,1e-05,1e-05,1e-05,0.014799
"108",1e-05,1e-05,1e-05,1e-05,1e-05,1e-05,1e-05,1e-05,1e-05,1e-05,1e-05,0.99989
"109",1e-05,1e-05,1e-05,1e-05,1e-05,1e-05,1e-05,1e-05,1e-05,1.4e-05,1e-05,0.999886
"110",1e-05,0.114789,0.069985,1e-05,0.087765,0.679827,1e-05,1e-05,1e-05,1e-05,0.020335,0.027239
"111",0.024644,0.036361,0.211175,1e-05,0.020719,0.453556,1e-05,1e-05,1e-05,0.20724,1e-05,0.046256
"112",1e-05,0.017753,0.137545,1e-05,0.044831,0.799791,1e-05,1e-05,1e-05,1e-05,1e-05,1e-05
"113",1e-05,1e-05,1e-05,1e-05,1e-05,0.99989,1e-05,1e-05,1e-05,1e-05,1e-05,1e-05
"114",1e-05,1e-05,1e-05,1e-05,1e-05,0.99989,1e-05,1e-05,1e-05,1e-05,1e-05,1e-05
"115",1e-05,1e-05,1e-05,1e-05,1e-05,0.99989,1e-05,1e-05,1e-05,1e-05,1e-05,1e-05
"116",1e-05,1e-05,1e-05,1e-05,1e-05,0.99989,1e-05,1e-05,1e-05,1e-05,1e-05,1e-05
"117",1e-05,1e-05,1e-05,1e-05,1e-05,0.99989,1e-05,1e-05,1e-05,1e-05,1e-05,1e-05
"118",0.03052,0.050144,0.148196,1e-05,0.051241,0.550727,1e-05,0.031566,1e-05,0.094969,0.023648,0.018959
"119",1e-05,1e-05,1e-05,1.4e-05,1e-05,0.999886,1e-05,1e-05,1e-05,1e-05,1e-05,1e-05
"120",0.053052,1e-05,0.532097,1e-05,1e-05,1e-05,1e-05,1e-05,0.368339,0.046432,1e-05,1e-05
"121",1e-05,0.136431,0.229779,1e-05,0.06399,0.356429,1e-05,1e-05,1e-05,0.126292,0.021489,0.065541
"122",1e-05,0.081577,0.447765,1e-05,0.166206,0.255435,1e-05,0.048947,1e-05,1e-05,1e-05,1e-05
"123",1e-05,0.046246,0.56172,1e-05,0.087343,0.212442,1e-05,1e-05,1e-05,0.080882,1e-05,0.011308
"124",1e-05,1e-05,1e-05,1e-05,1e-05,0.99989,1e-05,1e-05,1e-05,1e-05,1e-05,1e-05
"125",1e-05,1e-05,1e-05,0.000452,1e-05,0.999448,1e-05,1e-05,1e-05,1e-05,1e-05,1e-05
"126",1e-05,1e-05,1e-05,1e-05,1e-05,0.99989,1e-05,1e-05,1e-05,1e-05,1e-05,1e-05
"127",1e-05,1e-05,1e-05,1e-05,1e-05,0.99989,1e-05,1e-05,1e-05,1e-05,1e-05,1e-05
"128",1e-05,1e-05,1e-05,1e-05,1e-05,0.835876,1e-05,1e-05,1e-05,0.126267,0.013672,0.024104
"129",0.002111,1e-05,0.31254,1e-05,0.08193,0.446777,1e-05,0.044286,1e-05,0.094088,1e-05,0.018219
"130",1e-05,1e-05,1e-05,1e-05,1e-05,0.99989,1e-05,1e-05,1e-05,1e-05,1e-05,1e-05
"131",1e-05,1e-05,1e-05,1e-05,1e-05,0.99989,1e-05,1e-05,1e-05,1e-05,1e-05,1e-05
"132",0.043032,1e-05,0.540241,1e-05,1e-05,1e-05,1e-05,1e-05,0.416638,1e-05,1e-05,1e-05
"133",1e-05,1.9e-05,1e-05,1e-05,1e-05,0.999881,1e-05,1e-05,1e-05,1e-05,1e-05,1e-05
"134",1e-05,1e-05,0.18763,1e-05,0.067366,0.74491,1e-05,1e-05,1.4e-05,1e-05,1e-05,1e-05
"135",1e-05,1e-05,1e-05,1e-05,1e-05,0.99989,1e-05,1e-05,1e-05,1e-05,1e-05,1e-05
"136",1e-05,1e-05,1e-05,0.000451,1e-05,0.999449,1e-05,1e-05,1e-05,1e-05,1e-05,1e-05
"137",1e-05,1e-05,1e-05,1e-05,1e-05,0.99989,1e-05,1e-05,1e-05,1e-05,1e-05,1e-05
"138",1e-05,1e-05,0.06456,1e-05,0.805568,0.115876,1e-05,1e-05,1e-05,1e-05,1e-05,0.013917
"139",1e-05,1e-05,1e-05,1e-05,1e-05,0.99989,1e-05,1e-05,1e-05,1e-05,1e-05,1e-05
"140",1e-05,0.040527,0.209888,0.037082,0.270999,0.239076,1e-05,1e-05,1e-05,0.180005,1e-05,0.022372
"141",1e-05,1e-05,0.645964,1e-05,0.186193,0.038112,1e-05,1e-05,1e-05,0.068744,1e-05,0.060916
"142",1e-05,1e-05,0.33415,1e-05,0.099328,1e-05,1e-05,1e-05,0.067332,0.49911,1e-05,1e-05
"143",1e-05,1e-05,0.340687,1e-05,0.229243,0.274898,1e-05,1e-05,1e-05,0.154102,1e-05,0.001
"144",1e-05,1e-05,0.99989,1e-05,1e-05,1e-05,1e-05,1e-05,1e-05,1e-05,1e-05,1e-05
"145",1e-05,1e-05,1e-05,1e-05,1e-05,0.99989,1e-05,1e-05,1e-05,1e-05,1e-05,1e-05
"146",1e-05,0.021403,0.453347,1e-05,0.053961,0.455335,1e-05,1e-05,1e-05,0.015884,1e-05,1e-05
"147",1e-05,0.108476,0.10785,1e-05,0.555264,0.096162,0.011946,1e-05,1e-05,1e-05,0.120242,1e-05
"148",1e-05,1e-05,1e-05,1e-05,1e-05,0.99989,1e-05,1e-05,1e-05,1e-05,1e-05,1e-05
"149",1e-05,1e-05,0.927574,1e-05,0.058141,1e-05,1e-05,1e-05,1e-05,1e-05,1e-05,0.014195
"150",1e-05,1e-05,0.615132,1e-05,0.047955,0.28321,1e-05,1e-05,1e-05,1e-05,1e-05,0.053624
"151",1e-05,1e-05,1e-05,1e-05,0.73887,0.08979,1e-05,0.029116,1e-05,1e-05,0.132086,0.010068
"152",1e-05,1e-05,0.050206,1e-05,0.024049,1e-05,1e-05,0.053681,0.176718,0.689521,0.005764,1e-05
"153",0.028404,1e-05,1e-05,1e-05,0.049168,1e-05,1e-05,0.075968,1e-05,0.796292,0.04884,0.001269
"154",1e-05,1e-05,1e-05,1e-05,0.127413,1e-05,1e-05,0.172947,1e-05,0.651496,0.033476,0.014598
"155",1e-05,1e-05,1e-05,1e-05,1e-05,1e-05,1e-05,0.73934,1e-05,0.26056,1e-05,1e-05
"156",1e-05,1e-05,1e-05,1e-05,1e-05,1e-05,1e-05,1e-05,0.99989,1e-05,1e-05,1e-05
"157",1e-05,1e-05,1e-05,1e-05,1e-05,1e-05,1e-05,1e-05,1e-05,1e-05,0.99989,1e-05
"158",1e-05,1e-05,1e-05,1e-05,0.424566,1e-05,1e-05,0.007774,1e-05,1e-05,0.56757,1e-05
"159",1e-05,1e-05,1e-05,1e-05,0.048667,1e-05,1e-05,1e-05,1e-05,0.932385,0.018858,1e-05
"160",1e-05,1e-05,1e-05,1e-05,1e-05,1e-05,1e-05,1e-05,0.062368,0.937532,1e-05,1e-05
"161",1e-05,1e-05,1e-05,1e-05,1e-05,1e-05,1e-05,1e-05,0.99989,1e-05,1e-05,1e-05
"162",1e-05,1e-05,1e-05,1e-05,1e-05,1e-05,1e-05,1e-05,0.99989,1e-05,1e-05,1e-05
"163",1e-05,1e-05,1e-05,1e-05,1e-05,1e-05,1e-05,1e-05,0.99989,1e-05,1e-05,1e-05
"164",1e-05,1e-05,1e-05,1e-05,1e-05,1e-05,1e-05,1e-05,0.99989,1e-05,1e-05,1e-05
"165",1e-05,1e-05,1e-05,1e-05,1e-05,1e-05,1e-05,1e-05,0.99989,1e-05,1e-05,1e-05
"166",1e-05,1e-05,1e-05,1e-05,1e-05,1e-05,1e-05,1e-05,0.99989,1e-05,1e-05,1e-05
"167",1e-05,1e-05,1e-05,1e-05,1e-05,1e-05,1e-05,1e-05,0.99989,1e-05,1e-05,1e-05
"168",1e-05,1e-05,1e-05,1e-05,1e-05,1e-05,1e-05,1e-05,0.99989,1e-05,1e-05,1e-05
"169",1e-05,1e-05,1e-05,1e-05,1e-05,1e-05,1e-05,1e-05,0.99989,1e-05,1e-05,1e-05
"170",1.3e-05,1e-05,1e-05,1e-05,1e-05,1e-05,1e-05,1e-05,1e-05,1e-05,0.999887,1e-05
"171",1e-05,1e-05,1e-05,1e-05,1e-05,1e-05,1e-05,1e-05,1e-05,1e-05,0.99989,1e-05
"172",1e-05,1e-05,1e-05,1e-05,1e-05,1e-05,1e-05,1e-05,1e-05,1e-05,0.99989,1e-05
"173",1e-05,1e-05,1e-05,1e-05,1e-05,1e-05,1e-05,1e-05,1e-05,1e-05,0.99989,1e-05
"174",1e-05,1e-05,1e-05,1e-05,1e-05,1e-05,1e-05,1e-05,1e-05,1e-05,0.99989,1e-05
"175",0.027423,1e-05,1e-05,1e-05,1e-05,1e-05,1e-05,1e-05,1e-05,1e-05,0.972477,1e-05
"176",1e-05,1e-05,1e-05,1e-05,1e-05,1e-05,1e-05,1e-05,1e-05,1e-05,0.99989,1e-05
"177",1e-05,1e-05,0.017628,1e-05,0.016152,0.080392,1e-05,0.016527,1e-05,0.869231,1e-05,1e-05
"178",1e-05,1e-05,0.022533,1e-05,1e-05,0.008307,1e-05,1e-05,0.020783,0.948297,1e-05,1e-05
"179",1e-05,1e-05,1e-05,1e-05,1e-05,1e-05,1e-05,1e-05,1e-05,0.99989,1e-05,1e-05
"180",1e-05,1e-05,1e-05,1e-05,1e-05,0.056589,1e-05,1e-05,1e-05,0.943311,1e-05,1e-05
"181",1e-05,1e-05,1e-05,1e-05,1e-05,1e-05,1.1e-05,0.847069,1e-05,0.152829,1e-05,1e-05
"182",1e-05,1e-05,1e-05,1e-05,1e-05,1e-05,1e-05,0.99989,1e-05,1e-05,1e-05,1e-05
"183",1e-05,1e-05,1e-05,1e-05,0.501707,1e-05,1e-05,1e-05,1e-05,1e-05,0.498193,1e-05
"184",1e-05,1e-05,1e-05,1e-05,0.476265,1e-05,1e-05,1e-05,1e-05,1e-05,0.523635,1e-05
"185",1e-05,1e-05,1e-05,1e-05,1e-05,1e-05,1e-05,0.14699,1e-05,0.847084,1e-05,0.005836
"186",1e-05,1e-05,1e-05,1e-05,1e-05,1e-05,1e-05,0.32503,0.05358,0.6213,1e-05,1e-05
"187",1e-05,1e-05,1e-05,1e-05,1e-05,1e-05,1e-05,1.2e-05,1e-05,0.999752,1e-05,0.000145
"188",1e-05,1e-05,1e-05,1e-05,1e-05,1e-05,1e-05,0.087181,1e-05,0.912719,1e-05,1e-05
"189",0.002549,1e-05,0.133472,1e-05,1e-05,1e-05,1e-05,1e-05,0.243398,0.620501,1e-05,1e-05
"190",1e-05,1e-05,1e-05,1e-05,0.051962,1e-05,1e-05,0.845896,1e-05,0.102052,1e-05,1e-05
"191",0.073795,1e-05,0.219647,1e-05,0.000498,1e-05,1e-05,1e-05,0.074717,0.605728,1e-05,0.025555
"192",1e-05,1e-05,0.260562,1e-05,0.020784,1e-05,1e-05,1e-05,0.438508,0.266688,1e-05,0.013389
"193",1e-05,1e-05,1e-05,1e-05,0.20888,1e-05,1e-05,1e-05,1e-05,1e-05,0.79102,1e-05
"194",1e-05,1e-05,1e-05,1e-05,0.166646,1e-05,1e-05,0.023661,1e-05,1e-05,0.809603,1e-05
"195",1e-05,1e-05,1e-05,1e-05,1e-05,1e-05,1e-05,1e-05,1e-05,1e-05,0.99989,1e-05
"196",1e-05,1e-05,1e-05,1e-05,1e-05,1e-05,1e-05,1e-05,1e-05,1e-05,0.99989,1e-05
"197",1e-05,1e-05,1e-05,1e-05,1e-05,1e-05,1e-05,1e-05,1e-05,1e-05,0.99989,1e-05
"198",1e-05,1e-05,1e-05,1e-05,1e-05,1e-05,1e-05,1e-05,1e-05,1e-05,0.99989,1e-05
"199",0.022315,0.041236,0.012391,1e-05,0.006016,0.066681,1e-05,1e-05,0.014432,0.828923,1e-05,0.007966
"200",1e-05,0.00838,0.016851,1e-05,0.501216,1e-05,1e-05,1e-05,0.009004,0.458465,1e-05,0.006024
"201",1e-05,1e-05,0.001991,1e-05,1e-05,0.057488,1e-05,1e-05,0.049905,0.890535,1e-05,1e-05
"202",1e-05,1e-05,1e-05,1e-05,1e-05,1e-05,1e-05,0.99989,1e-05,1e-05,1e-05,1e-05
"203",1e-05,1e-05,1e-05,1e-05,1e-05,1e-05,1e-05,1e-05,1e-05,0.99989,1e-05,1e-05
"204",1e-05,1e-05,0.031109,0.046965,0.408641,0.04609,1e-05,0.034158,1e-05,0.203273,0.21271,0.017014
"205",1e-05,1e-05,0.007524,1e-05,0.102347,1e-05,1e-05,1e-05,1e-05,0.834502,0.02385,0.031708
"206",1e-05,0.001677,0.114192,1e-05,0.089326,1e-05,1e-05,1e-05,1e-05,0.784294,0.010441,1e-05
"207",1e-05,1e-05,1e-05,1e-05,1e-05,1e-05,1e-05,0.005531,0.049359,0.94502,1e-05,1e-05
"208",1e-05,1e-05,1e-05,1e-05,1e-05,1e-05,1e-05,0.99989,1e-05,1e-05,1e-05,1e-05
"209",1e-05,1e-05,1e-05,1e-05,1e-05,1e-05,1e-05,1e-05,1e-05,0.99989,1e-05,1e-05
"210",1e-05,1e-05,0.016542,1e-05,0.12654,0.039815,1e-05,1e-05,0.032855,0.784178,1e-05,1e-05
"211",1e-05,1e-05,1e-05,1e-05,1e-05,1e-05,1e-05,1e-05,1e-05,0.99989,1e-05,1e-05
"212",1e-05,1e-05,1e-05,1e-05,1e-05,1e-05,1e-05,1e-05,1e-05,0.99989,1e-05,1e-05
"213",1e-05,1e-05,1e-05,1e-05,1e-05,1e-05,1e-05,1e-05,1e-05,0.99989,1e-05,1e-05
"214",1e-05,1e-05,0.03571,1e-05,0.03882,0.020499,1e-05,0.036137,1e-05,0.813114,0.021343,0.034328
"215",1e-05,1e-05,0.09624,1e-05,0.082832,0.030821,1e-05,1e-05,1e-05,0.771631,0.004501,0.013916
"216",1e-05,1e-05,1e-05,1e-05,1e-05,1e-05,1e-05,1e-05,1e-05,0.99989,1e-05,1e-05
"217",1e-05,1e-05,1e-05,1e-05,1e-05,0.051185,1e-05,1e-05,1e-05,0.948715,1e-05,1e-05
"218",1e-05,1e-05,1e-05,1e-05,1e-05,1e-05,1e-05,1e-05,1e-05,0.99989,1e-05,1e-05
"219",1e-05,1e-05,1e-05,1e-05,0.001511,1e-05,1e-05,0.811835,1e-05,0.186562,1.2e-05,1e-05
"220",1e-05,1e-05,0.06717,1e-05,1e-05,1e-05,1e-05,1e-05,0.033518,0.8652,0.034033,1e-05
"221",1e-05,1e-05,1e-05,1e-05,1e-05,1e-05,1e-05,1e-05,1e-05,0.99989,1e-05,1e-05
"222",1e-05,1e-05,1e-05,1e-05,1e-05,1e-05,1e-05,1e-05,1e-05,0.99989,1e-05,1e-05
"223",1e-05,0.110422,0.181034,1e-05,0.077242,0.572222,1e-05,1e-05,1e-05,0.044981,0.01214,0.001908
"224",1e-05,1e-05,1e-05,1e-05,1e-05,1e-05,1e-05,1e-05,1e-05,0.985081,1e-05,0.014819
"225",1e-05,1e-05,1e-05,1e-05,1e-05,1e-05,1e-05,1e-05,1e-05,0.99989,1e-05,1e-05
"226",1e-05,1e-05,0.030216,1e-05,1e-05,1e-05,1e-05,1e-05,1e-05,0.937921,1e-05,0.031773
"227",1e-05,1e-05,1e-05,1e-05,1e-05,1e-05,1e-05,1e-05,1e-05,0.99989,1e-05,1e-05
"228",1e-05,1e-05,1e-05,1e-05,1e-05,1e-05,1e-05,1e-05,1e-05,0.99989,1e-05,1e-05
"229",1e-05,1e-05,0.028615,1e-05,1e-05,1e-05,1e-05,1e-05,1e-05,0.971285,1e-05,1e-05
"230",1.5e-05,1e-05,1e-05,1e-05,1e-05,1e-05,1e-05,0.999885,1e-05,1e-05,1e-05,1e-05
"231",1e-05,1e-05,1e-05,1e-05,0.031536,0.014489,1e-05,1e-05,1e-05,0.953884,1e-05,1e-05
"232",1e-05,1e-05,1e-05,1e-05,1e-05,1e-05,1e-05,0.784102,1e-05,0.215798,1e-05,1e-05
"233",1e-05,1e-05,1e-05,1e-05,1e-05,1e-05,1e-05,1e-05,1e-05,0.99989,1e-05,1e-05
"234",1e-05,1e-05,1e-05,1e-05,1e-05,1e-05,1e-05,1.1e-05,1e-05,0.999889,1e-05,1e-05
"235",1e-05,1e-05,1e-05,1e-05,1e-05,1e-05,1e-05,0.779654,1e-05,0.220246,1e-05,1e-05
"236",1e-05,1e-05,1e-05,1e-05,1e-05,1e-05,1e-05,1e-05,1e-05,0.99989,1e-05,1e-05
"237",1e-05,1e-05,1e-05,1e-05,1e-05,1e-05,1e-05,1e-05,1e-05,0.99989,1e-05,1e-05
"238",1e-05,1e-05,1e-05,1e-05,1e-05,1e-05,1e-05,0.521713,1e-05,0.478187,1e-05,1e-05
"239",1e-05,1e-05,1e-05,1e-05,1e-05,1e-05,1e-05,0.38604,1e-05,0.589797,0.024074,1e-05
"240",1e-05,1e-05,1e-05,1e-05,1e-05,1e-05,1e-05,0.519338,1e-05,0.480562,1e-05,1e-05
"241",1e-05,1e-05,1e-05,1e-05,1e-05,1e-05,1e-05,0.049313,1e-05,0.950587,1e-05,1e-05
"242",1e-05,1e-05,1e-05,1e-05,1e-05,1e-05,1e-05,0.99989,1e-05,1e-05,1e-05,1e-05
"243",1e-05,1e-05,1e-05,1e-05,1e-05,1e-05,1e-05,0.547743,1e-05,0.452157,1e-05,1e-05
"244",1e-05,1e-05,1e-05,1e-05,1e-05,1e-05,1e-05,0.427573,1e-05,0.554309,0.018028,1e-05
"245",1e-05,1e-05,1e-05,1e-05,1e-05,1e-05,1e-05,0.722963,1e-05,0.276937,1e-05,1e-05
"246",1e-05,1e-05,1e-05,1e-05,1e-05,1e-05,1e-05,1e-05,1e-05,0.99989,1e-05,1e-05
"247",1e-05,1e-05,1e-05,1e-05,1e-05,1e-05,1e-05,0.78647,1e-05,0.21343,1e-05,1e-05
"248",1e-05,1e-05,1e-05,1e-05,1e-05,1e-05,1e-05,0.880158,1e-05,0.119742,1e-05,1e-05
"249",1e-05,1e-05,1e-05,1e-05,0.047145,1e-05,1e-05,0.389896,1e-05,0.562869,1e-05,1e-05
"250",1e-05,1e-05,1e-05,1e-05,0.023934,1e-05,1e-05,0.743831,1e-05,0.225447,1e-05,0.006707
"251",1e-05,1e-05,1e-05,1e-05,1e-05,1e-05,1e-05,0.75699,1e-05,0.24291,1e-05,1e-05
"252",1e-05,0.054954,0.088107,0.019368,0.095826,0.070901,1e-05,0.022245,1e-05,0.608972,0.022377,0.01722
"253",1e-05,1e-05,1e-05,1e-05,0.504956,1e-05,1e-05,1e-05,1e-05,1e-05,0.494944,1e-05
"254",1e-05,1e-05,1e-05,1e-05,0.493989,1e-05,1e-05,1e-05,1e-05,1e-05,0.505911,1e-05
"255",1e-05,1e-05,1e-05,1e-05,0.485386,1e-05,1e-05,1e-05,1e-05,1e-05,0.514514,1e-05
"256",1e-05,1e-05,1e-05,1e-05,0.503523,1e-05,1e-05,1e-05,1e-05,1e-05,0.496377,1e-05
"257",1e-05,1e-05,1e-05,1e-05,1e-05,1e-05,1e-05,1e-05,1e-05,1e-05,0.99989,1e-05
"258",1e-05,1e-05,1e-05,1e-05,1e-05,1e-05,1e-05,1e-05,1e-05,1e-05,0.99989,1e-05
"259",1e-05,1e-05,1e-05,1e-05,1e-05,1e-05,1e-05,1e-05,1e-05,1e-05,0.99989,1e-05
"260",1e-05,1e-05,1e-05,1e-05,1e-05,1e-05,1e-05,1e-05,1e-05,1e-05,0.99989,1e-05
"261",0.022008,1e-05,1e-05,1e-05,0.258401,1e-05,1e-05,1e-05,1e-05,1e-05,0.719501,1e-05
"262",0.019385,1e-05,0.945111,1e-05,1e-05,1e-05,1e-05,1e-05,1e-05,0.035412,1.1e-05,1e-05
"263",1e-05,1e-05,1e-05,1e-05,0.375865,1e-05,1e-05,1e-05,1e-05,1e-05,0.624035,1e-05
"264",1e-05,1e-05,1e-05,1e-05,1e-05,1e-05,1e-05,1e-05,0.223902,0.775998,1e-05,1e-05
"265",1e-05,1e-05,1e-05,1e-05,1e-05,1e-05,1e-05,0.00947,0.0642,0.902866,1e-05,0.023383
"266",1e-05,1e-05,0.020404,1e-05,1e-05,1e-05,1e-05,1e-05,0.019915,0.959591,1e-05,1e-05
"267",1e-05,1e-05,0.005039,1e-05,1e-05,1e-05,1e-05,1e-05,0.047076,0.900493,1e-05,0.047311
"268",1e-05,1e-05,0.014129,1e-05,1e-05,1e-05,1e-05,1e-05,0.075782,0.909173,1e-05,0.000835
"269",1e-05,1e-05,1e-05,1e-05,0.004483,1e-05,1e-05,1e-05,1e-05,0.921086,0.02458,0.049771
"270",1e-05,1e-05,1e-05,1e-05,0.01084,1e-05,1e-05,1e-05,0.112147,0.869011,0.007922,1e-05
"271",1e-05,1e-05,1e-05,1e-05,1e-05,1e-05,1e-05,1e-05,0.164039,0.835861,1e-05,1e-05
"272",1e-05,1e-05,1e-05,1e-05,1e-05,1e-05,1e-05,1e-05,1e-05,0.980971,0.015972,0.002967
"273",1e-05,1e-05,1e-05,1e-05,0.02465,1e-05,1e-05,1e-05,0.048248,0.906504,0.001056,0.019471
"274",0.01662,1e-05,1e-05,1e-05,1e-05,1e-05,1e-05,1e-05,1e-05,0.98328,1e-05,1e-05
"275",1e-05,1e-05,1e-05,1e-05,1e-05,1e-05,1e-05,1e-05,1e-05,1e-05,0.99989,1e-05
"276",1e-05,1e-05,1e-05,1e-05,1e-05,1e-05,1e-05,1e-05,1e-05,1e-05,0.99989,1e-05
"277",1e-05,1e-05,1e-05,1e-05,1e-05,1e-05,1e-05,1e-05,1e-05,1e-05,0.99989,1e-05
"278",1e-05,1e-05,1e-05,1e-05,1e-05,1e-05,1e-05,1.5e-05,1e-05,1e-05,0.999885,1e-05
"279",1e-05,1e-05,1e-05,1e-05,1e-05,1e-05,1e-05,1e-05,1e-05,1e-05,0.99989,1e-05
"280",0.129163,1e-05,1e-05,1e-05,1e-05,1e-05,1e-05,1e-05,1e-05,1e-05,0.870737,1e-05
"281",1e-05,1e-05,1e-05,1e-05,0.443162,1e-05,1e-05,1e-05,1e-05,1e-05,0.556738,1e-05
"282",1e-05,1e-05,1e-05,1e-05,1e-05,1e-05,1e-05,1e-05,1e-05,1e-05,0.99989,1e-05
"283",1e-05,1e-05,1e-05,1e-05,1e-05,1e-05,1e-05,1e-05,1e-05,1e-05,0.99989,1e-05
"284",1e-05,1e-05,1e-05,1e-05,1e-05,1e-05,1e-05,1e-05,1e-05,1e-05,0.99989,1e-05
"285",1e-05,1e-05,1e-05,1e-05,1e-05,1e-05,1e-05,1e-05,1e-05,1e-05,0.99989,1e-05
"286",1e-05,1e-05,1e-05,1e-05,1e-05,1e-05,1e-05,1e-05,1e-05,1e-05,0.99989,1e-05
"287",1e-05,1e-05,1e-05,1e-05,1e-05,1e-05,1e-05,1e-05,1e-05,1e-05,0.99989,1e-05
"288",1e-05,1e-05,1e-05,1e-05,1e-05,1e-05,1e-05,1e-05,1e-05,1e-05,0.99989,1e-05
"289",1e-05,1e-05,0.022324,1e-05,1e-05,0.036047,1e-05,0.044038,1e-05,0.848484,1e-05,0.049037
"290",1e-05,1e-05,0.211651,1e-05,1e-05,1e-05,1e-05,1e-05,0.684157,0.096637,0.007475,1e-05
"291",1e-05,1e-05,1e-05,1e-05,1e-05,1e-05,1e-05,1e-05,1e-05,1e-05,0.99989,1e-05
"292",1.5e-05,1e-05,1e-05,1e-05,0.999879,1e-05,1.3e-05,1e-05,1.3e-05,1e-05,1e-05,1e-05
"293",1e-05,1e-05,1e-05,1e-05,0.99989,1e-05,1e-05,1e-05,1e-05,1e-05,1e-05,1e-05
"294",1e-05,1e-05,1e-05,1e-05,0.456651,0.079963,1e-05,1e-05,1e-05,0.461124,1e-05,0.002183
"295",1e-05,1e-05,1e-05,1e-05,0.99989,1e-05,1e-05,1e-05,1e-05,1e-05,1e-05,1e-05
"296",1e-05,1e-05,1e-05,1e-05,0.99989,1e-05,1e-05,1e-05,1e-05,1e-05,1e-05,1e-05
"297",1e-05,1e-05,1e-05,1e-05,0.143586,0.014825,1e-05,0.030178,1e-05,0.792844,0.01341,0.005096
"298",1e-05,1e-05,1e-05,1e-05,1e-05,1e-05,1e-05,1e-05,0.99989,1e-05,1e-05,1e-05
"299",1e-05,1e-05,1e-05,1e-05,1e-05,1e-05,1e-05,1e-05,0.99989,1e-05,1e-05,1e-05
"300",1e-05,1e-05,1e-05,1e-05,1e-05,1e-05,1e-05,1e-05,0.99989,1e-05,1e-05,1e-05
"301",1e-05,1e-05,1e-05,1e-05,1e-05,1e-05,1e-05,0.017774,0.098104,0.852434,0.031609,1e-05
"302",1e-05,1e-05,1e-05,1e-05,1e-05,0.031763,1e-05,1e-05,0.968137,1e-05,1e-05,1e-05
"303",0.102297,1e-05,1e-05,1e-05,1e-05,1e-05,1e-05,1e-05,0.77562,0.121993,1e-05,1e-05
"304",1e-05,1e-05,1e-05,1e-05,1e-05,1e-05,1e-05,1e-05,0.99989,1e-05,1e-05,1e-05
"305",1e-05,0.122367,0.666986,0.108791,1e-05,0.101776,1e-05,1e-05,1e-05,1e-05,1e-05,1e-05
"306",1e-05,1e-05,1e-05,1e-05,1e-05,1e-05,1e-05,1e-05,1e-05,1e-05,1e-05,0.99989
"307",1e-05,1e-05,1e-05,1e-05,1e-05,1e-05,1e-05,1e-05,1e-05,1e-05,1e-05,0.99989
"308",1e-05,1e-05,0.281813,1e-05,0.116,0.324859,1e-05,1e-05,0.003799,1e-05,1e-05,0.27346
"309",1e-05,1e-05,1e-05,1e-05,1e-05,1e-05,1e-05,1.6e-05,1e-05,1e-05,1e-05,0.999884
"310",1e-05,1e-05,1e-05,1e-05,1e-05,1e-05,1e-05,1e-05,0.000698,1e-05,1e-05,0.999202
"311",1e-05,1e-05,1e-05,1e-05,1.2e-05,1e-05,1e-05,1.5e-05,1e-05,1e-05,1e-05,0.999882
"312",1e-05,1e-05,1e-05,1e-05,1e-05,1e-05,1e-05,1.6e-05,1e-05,1e-05,1e-05,0.999884
"313",1e-05,1e-05,1e-05,1e-05,1.5e-05,1e-05,1e-05,1e-05,1e-05,1e-05,1e-05,0.999885
"314",0.58297,1e-05,1e-05,1e-05,1e-05,1e-05,1e-05,1e-05,0.230907,0.186033,1e-05,1e-05
"315",1e-05,0.18017,0.532424,0.017791,1e-05,0.246008,1e-05,0.016289,1e-05,1e-05,0.007258,1e-05
"316",1e-05,1e-05,0.462888,1e-05,0.199446,0.305306,1e-05,1e-05,1e-05,1e-05,1e-05,0.032281
"317",1e-05,1e-05,1e-05,1e-05,0.385704,1e-05,1e-05,1e-05,1e-05,1e-05,0.614196,1e-05
"318",1e-05,1e-05,1e-05,1e-05,0.38098,1e-05,1e-05,1e-05,1e-05,1e-05,0.61892,1e-05
"319",1e-05,1e-05,1e-05,1e-05,1e-05,1e-05,1e-05,1e-05,0.99989,1e-05,1e-05,1e-05
"320",1e-05,0.082561,0.325725,0.178991,1e-05,0.277604,1e-05,0.030174,0.089991,0.014905,1e-05,1e-05
"321",1e-05,1e-05,0.353823,1e-05,1e-05,0.322577,1e-05,1e-05,1e-05,0.260054,0.018135,0.045341
"322",1e-05,1e-05,1e-05,1e-05,1e-05,0.975062,1e-05,1e-05,1e-05,1e-05,1e-05,0.024838
"323",1e-05,1e-05,0.999889,1e-05,1e-05,1e-05,1e-05,1e-05,1.1e-05,1e-05,1e-05,1e-05
"324",0.029058,0.119546,0.047184,0.036284,0.140977,0.005754,0.555616,0.063813,1e-05,1.2e-05,0.001736,1e-05
"325",1e-05,1e-05,1e-05,1e-05,1e-05,1e-05,1e-05,1e-05,1e-05,1e-05,0.99989,1e-05
"326",1e-05,1e-05,0.906677,1e-05,0.014951,0.064881,1e-05,1e-05,1e-05,1e-05,1e-05,0.013411
"327",0.06805,1e-05,1e-05,1e-05,1e-05,1e-05,1e-05,1e-05,1e-05,1e-05,0.93185,1e-05
"328",1e-05,1e-05,1e-05,1e-05,1e-05,1e-05,1e-05,1e-05,1e-05,1e-05,0.99989,1e-05
"329",1e-05,1e-05,0.064321,0.013243,1e-05,0.038895,1e-05,0.067158,0.804346,1e-05,1e-05,0.011978
"330",1e-05,1e-05,0.27887,1e-05,0.585995,0.091881,1e-05,1e-05,1e-05,0.009962,0.001908,0.031323
"331",1e-05,1e-05,0.967181,1e-05,1e-05,1e-05,1e-05,1e-05,1e-05,1e-05,1e-05,0.032719
"332",1e-05,1e-05,1e-05,1e-05,1e-05,0.99989,1e-05,1e-05,1e-05,1e-05,1e-05,1e-05
"333",1e-05,1e-05,1e-05,1e-05,1e-05,0.99989,1e-05,1e-05,1e-05,1e-05,1e-05,1e-05
"334",1e-05,0.008017,0.03502,1e-05,1e-05,0.895687,1e-05,0.048915,1e-05,1e-05,1e-05,0.012291
"335",1e-05,1e-05,1e-05,1e-05,1e-05,1e-05,1e-05,1e-05,1e-05,1e-05,1e-05,0.99989
"336",0.99989,1e-05,1e-05,1e-05,1e-05,1e-05,1e-05,1e-05,1e-05,1e-05,1e-05,1e-05
"337",0.99989,1e-05,1e-05,1e-05,1e-05,1e-05,1e-05,1e-05,1e-05,1e-05,1e-05,1e-05
"338",0.116685,1e-05,1e-05,1e-05,1e-05,1e-05,1e-05,1e-05,0.545513,0.337712,1e-05,1e-05
"339",1e-05,0.745135,0.177091,0.050672,1e-05,0.027022,1e-05,1e-05,1e-05,1e-05,1e-05,1e-05
"340",0.584326,1.5e-05,0.094166,1e-05,1e-05,1e-05,1e-05,1e-05,0.321413,1e-05,1e-05,1e-05
"341",1e-05,1e-05,0.842709,1e-05,0.014706,1e-05,1e-05,1e-05,0.067598,0.074907,1e-05,1e-05
"342",1e-05,1e-05,1e-05,1e-05,1e-05,0.973994,1e-05,1e-05,1e-05,1e-05,1e-05,0.025906
"343",1e-05,1e-05,1e-05,1e-05,1e-05,0.99989,1e-05,1e-05,1e-05,1e-05,1e-05,1e-05
"344",1e-05,1e-05,0.437663,1e-05,0.24792,0.190667,1e-05,1e-05,0.001589,0.070108,1e-05,0.051993
"345",1e-05,1e-05,0.027041,1e-05,1e-05,0.025287,1e-05,0.003458,0.944134,1e-05,1e-05,1e-05
"346",1e-05,1e-05,1e-05,1e-05,1e-05,1e-05,1e-05,0.004251,0.995649,1e-05,1e-05,1e-05
"347",1e-05,1e-05,1e-05,1e-05,1e-05,1e-05,1e-05,1e-05,0.99989,1e-05,1e-05,1e-05
"348",1e-05,0.11326,0.485405,1e-05,1e-05,0.341859,1e-05,1e-05,1e-05,0.042483,1e-05,0.016923
"349",1e-05,0.077323,0.246425,1e-05,0.120213,0.502439,1e-05,1e-05,1e-05,1e-05,1e-05,0.053529
"350",1e-05,0.081942,0.201513,1e-05,0.100856,0.600836,1e-05,1e-05,1e-05,1e-05,0.014783,1e-05
"351",1e-05,0.900403,0.060068,1e-05,1e-05,0.039439,1e-05,1e-05,1e-05,1e-05,1e-05,1e-05
"352",0.99989,1e-05,1e-05,1e-05,1e-05,1e-05,1e-05,1e-05,1e-05,1e-05,1e-05,1e-05
"353",1e-05,1e-05,1e-05,1e-05,1e-05,0.996173,1e-05,1e-05,1e-05,1e-05,1e-05,0.003727
"354",1e-05,0.015838,0.362926,1e-05,0.118654,0.377982,1e-05,1e-05,1e-05,0.10629,1e-05,0.01825
"355",0.178765,1e-05,1e-05,1e-05,0.339757,1e-05,1e-05,1e-05,1e-05,1e-05,0.481388,1e-05
"356",0.193051,1e-05,1.2e-05,1e-05,0.301279,1e-05,1e-05,1e-05,1e-05,1e-05,0.505579,1e-05
"357",1e-05,0.851071,0.113661,0.035178,1e-05,1e-05,1e-05,1e-05,1e-05,1e-05,1e-05,1e-05
"358",1e-05,0.83214,0.139833,1e-05,1e-05,0.027937,1e-05,1e-05,1e-05,1e-05,1e-05,1e-05
"359",0.03187,1e-05,0.399691,1e-05,0.181331,0.061828,1e-05,1e-05,1e-05,0.287004,1e-05,0.038216
"360",1e-05,1e-05,1e-05,1e-05,1e-05,1e-05,1e-05,1e-05,1e-05,0.99989,1e-05,1e-05
"361",1e-05,1e-05,1e-05,1e-05,1e-05,0.065078,1e-05,1e-05,0.934822,1e-05,1e-05,1e-05
"362",1e-05,1e-05,1e-05,0.049102,1e-05,0.04776,1e-05,1e-05,0.903048,1e-05,1e-05,1e-05
"363",1e-05,1e-05,0.832534,1e-05,1e-05,0.039919,1e-05,0.028933,0.085309,1e-05,1e-05,0.013235
"364",0.089235,1e-05,0.295737,1e-05,0.015232,1e-05,1e-05,1e-05,0.427238,0.163527,1e-05,0.008971
"365",1e-05,1e-05,0.742989,1e-05,0.112901,0.059208,1e-05,0.066383,1e-05,0.018448,1e-05,1e-05
"366",1e-05,1e-05,1e-05,1e-05,1e-05,1e-05,1e-05,1e-05,0.99989,1e-05,1e-05,1e-05
"367",1e-05,1e-05,1e-05,1e-05,1e-05,0.999884,1e-05,1e-05,1e-05,1e-05,1.6e-05,1e-05
"368",1e-05,1e-05,0.925139,1e-05,1e-05,1e-05,1e-05,1e-05,0.074761,1e-05,1e-05,1e-05
"369",1e-05,0.005701,1e-05,1e-05,0.054944,0.92966,1e-05,1e-05,0.001774,1e-05,1e-05,0.007851
"370",1e-05,1e-05,0.268134,1e-05,1e-05,1e-05,1e-05,0.032637,0.478505,0.220644,1e-05,1e-05
"371",1e-05,0.070932,0.839993,1e-05,0.016166,0.053993,1e-05,0.018845,1e-05,1e-05,1e-05,1e-05
"372",0.008198,0.095167,0.491931,1e-05,0.224599,0.178103,1e-05,1e-05,1e-05,1e-05,0.001942,1e-05
"373",0.019834,1e-05,0.758157,1e-05,1e-05,0.03893,1e-05,1e-05,0.022631,0.160378,1e-05,1e-05
"374",1e-05,1e-05,0.495822,1e-05,0.171256,0.153347,1e-05,0.01267,1e-05,0.142792,0.017149,0.006914
"375",1e-05,1e-05,0.861344,1e-05,1e-05,0.043649,1e-05,1e-05,0.094916,1e-05,1e-05,1e-05
"376",1e-05,0.056858,0.696475,1e-05,0.097609,0.08895,1e-05,1e-05,1e-05,0.025407,0.012536,0.022116
"377",1e-05,1e-05,0.175378,1e-05,1e-05,1e-05,1e-05,1e-05,0.494327,0.330205,1e-05,1e-05
"378",1e-05,1e-05,0.878284,1e-05,1e-05,0.032152,1e-05,1e-05,1e-05,0.068044,1e-05,0.021439
"379",1e-05,1e-05,0.22342,0.058845,1.4e-05,0.026231,1e-05,1e-05,0.69142,1e-05,1e-05,1e-05
"380",1e-05,1e-05,0.442557,1e-05,1e-05,0.557343,1e-05,1e-05,1e-05,1e-05,1e-05,1e-05
"381",1e-05,1e-05,0.515705,1e-05,0.073868,0.099554,1e-05,1e-05,0.049092,0.261712,1e-05,1e-05
"382",1e-05,1e-05,0.979721,1e-05,1e-05,0.020179,1e-05,1e-05,1e-05,1e-05,1e-05,1e-05
"383",1e-05,1e-05,1e-05,1e-05,1e-05,1e-05,1.5e-05,1e-05,1e-05,1e-05,1e-05,0.999885
"384",1e-05,1e-05,0.808118,1e-05,0.021838,0.013366,1e-05,1e-05,1e-05,0.154226,0.00238,1e-05
"385",1e-05,1e-05,1e-05,1e-05,0.854026,0.114792,1e-05,1e-05,1e-05,1e-05,1e-05,0.031092
"386",1e-05,0.011872,1e-05,1e-05,0.827593,0.135916,1e-05,1e-05,1e-05,1e-05,1e-05,0.024539
"387",1e-05,1e-05,0.906698,1e-05,1e-05,0.057383,1e-05,1e-05,1e-05,1e-05,1e-05,0.035829
"388",0.02344,0.121547,0.114811,0.02907,0.045664,0.081152,0.486572,1e-05,1e-05,0.065754,1e-05,0.031961
"389",1e-05,1e-05,1e-05,1e-05,1e-05,0.99989,1e-05,1e-05,1e-05,1e-05,1e-05,1e-05
"390",1e-05,1e-05,1e-05,1e-05,1e-05,1e-05,1e-05,0.02101,0.946651,1e-05,1e-05,0.032249
"391",1e-05,1e-05,0.30605,0.472401,1e-05,0.164822,1e-05,0.056647,1e-05,1e-05,1e-05,1e-05
"392",1e-05,0.060866,0.496284,1e-05,0.04128,0.394747,1e-05,1e-05,1e-05,0.006753,1e-05,1e-05
"393",0.472407,0.009578,1e-05,1e-05,1e-05,1e-05,1e-05,0.011439,0.446837,0.059669,1e-05,1e-05
"394",1e-05,0.030371,0.099431,0.772754,1e-05,1e-05,1e-05,0.001159,0.040956,0.024834,0.007886,0.022568
"395",1e-05,0.903417,1e-05,0.056581,1e-05,0.039912,1e-05,1e-05,1e-05,1e-05,1e-05,1e-05
"396",1e-05,0.010753,0.142505,1e-05,0.03203,0.797448,1e-05,1e-05,1e-05,1e-05,1e-05,0.017195
"397",1e-05,1e-05,0.885052,1e-05,1e-05,1e-05,1e-05,1e-05,0.075774,0.039084,1e-05,1e-05
"398",0.120264,1e-05,1e-05,1e-05,1e-05,1e-05,1e-05,1e-05,0.651593,0.228053,1e-05,1e-05
"399",1e-05,0.021583,0.700709,1e-05,0.048493,0.015829,1e-05,1e-05,0.011201,0.138919,1e-05,0.063215
"400",1e-05,1e-05,1e-05,1e-05,1e-05,1e-05,1e-05,1e-05,0.99989,1e-05,1e-05,1e-05
"401",1e-05,1e-05,0.330713,1e-05,1e-05,1e-05,1e-05,1e-05,0.669187,1e-05,1e-05,1e-05
"402",1e-05,1e-05,2e-05,1e-05,1e-05,0.99988,1e-05,1e-05,1e-05,1e-05,1e-05,1e-05
"403",1e-05,1e-05,1e-05,1e-05,1e-05,0.99989,1e-05,1e-05,1e-05,1e-05,1e-05,1e-05
"404",1e-05,1e-05,0.182565,1e-05,0.328027,0.25256,1e-05,1e-05,1e-05,0.173857,0.014323,0.048608
"405",1e-05,1e-05,0.629857,1e-05,0.164658,0.016078,1e-05,0.017452,1e-05,0.142679,1e-05,0.029216
"406",1e-05,1e-05,0.855683,1e-05,1e-05,1e-05,1e-05,1e-05,0.144217,1e-05,1e-05,1e-05
"407",1e-05,1e-05,1e-05,1e-05,1e-05,1e-05,1e-05,1e-05,0.99989,1e-05,1e-05,1e-05
"408",0.008076,0.032236,0.858941,1e-05,0.075995,0.000681,1e-05,1e-05,1e-05,0.003388,0.010879,0.009764
"409",0.242707,1e-05,1e-05,1e-05,0.286239,1e-05,1e-05,0.074205,0.082454,0.222634,0.091702,1e-05
"410",0.083716,1e-05,1e-05,1e-05,1e-05,0.317396,1e-05,1e-05,0.598798,1e-05,1e-05,1e-05
"411",1e-05,0.172495,0.57827,0.058971,1e-05,0.184083,1e-05,1e-05,1e-05,1e-05,0.00611,1e-05
"412",1e-05,0.019139,0.746793,1e-05,0.14776,0.07792,1e-05,1e-05,1e-05,1e-05,1e-05,0.008318
"413",1e-05,1e-05,0.296127,1e-05,0.586955,0.101529,1e-05,1e-05,1e-05,1e-05,1e-05,0.015309
"414",0.030941,1e-05,0.583157,1e-05,0.067397,0.093419,1e-05,1e-05,1e-05,0.183373,1e-05,0.041652
"415",1e-05,1e-05,0.44829,1e-05,0.176148,1e-05,1e-05,0.033177,1e-05,0.339341,1e-05,0.002974
"416",0.007817,0.002999,0.166729,0.072978,1e-05,0.038319,1e-05,1e-05,0.613148,0.09796,1e-05,1e-05
"417",1e-05,1e-05,1e-05,1e-05,1.2e-05,1e-05,1.1e-05,1e-05,1e-05,1e-05,1e-05,0.999887
"418",1e-05,1e-05,0.967308,1e-05,1e-05,1e-05,1e-05,1e-05,0.032592,1e-05,1e-05,1e-05
"419",0.01179,1e-05,0.523179,1e-05,0.235376,0.152549,1e-05,0.00716,1e-05,0.069886,1e-05,1e-05
"420",0.032899,1e-05,0.429878,1e-05,1e-05,0.203366,1e-05,1e-05,0.244965,0.016382,1e-05,0.07245
"421",0.017049,1e-05,0.146697,1e-05,0.082411,0.032772,1e-05,1e-05,0.126572,0.590556,1e-05,0.003894
"422",1e-05,1e-05,0.579191,1e-05,0.312621,0.007595,1e-05,1e-05,1e-05,0.100513,1e-05,1e-05
"423",1e-05,1e-05,0.280331,1e-05,0.08881,0.146228,1e-05,1e-05,1e-05,0.464613,0.001046,0.018911
"424",1e-05,1e-05,0.208762,1e-05,1e-05,1e-05,1e-05,1e-05,0.791138,1e-05,1e-05,1e-05
"425",1e-05,0.047254,0.046242,0.025741,0.083107,0.03547,1e-05,0.016818,0.453099,0.292229,1e-05,1e-05
"426",0.99989,1e-05,1e-05,1e-05,1e-05,1e-05,1e-05,1e-05,1e-05,1e-05,1e-05,1e-05
"427",0.228587,1e-05,1e-05,1e-05,1e-05,1e-05,1e-05,0.073643,0.612368,0.082373,0.002958,1e-05
"428",0.001011,1e-05,0.532676,1e-05,0.205454,0.061361,1e-05,1e-05,1e-05,0.144913,1e-05,0.054526
"429",1e-05,1e-05,0.99989,1e-05,1e-05,1e-05,1e-05,1e-05,1e-05,1e-05,1e-05,1e-05
"430",1e-05,1e-05,0.973849,1e-05,1e-05,0.026051,1e-05,1e-05,1e-05,1e-05,1e-05,1e-05
"431",1e-05,1e-05,0.16093,1e-05,1e-05,1e-05,1e-05,1e-05,0.83897,1e-05,1e-05,1e-05
"432",1e-05,1e-05,1e-05,1e-05,1e-05,1e-05,1e-05,1e-05,0.99989,1e-05,1e-05,1e-05
"433",1e-05,1e-05,0.844081,1e-05,1e-05,0.155819,1e-05,1e-05,1e-05,1e-05,1e-05,1e-05
"434",0.117783,1e-05,0.242106,1e-05,1e-05,1e-05,1e-05,1e-05,0.448563,0.191468,1e-05,1e-05
"435",0.11982,1e-05,1e-05,1e-05,1e-05,1e-05,1e-05,1e-05,0.578705,0.301385,1e-05,1e-05
"436",1e-05,0.075706,0.307498,1e-05,0.02749,0.579214,1e-05,1e-05,1e-05,1e-05,0.010021,1e-05
"437",0.191914,1e-05,0.6605,1e-05,1e-05,0.017485,1e-05,1e-05,0.073527,0.056504,1e-05,1e-05
"438",1e-05,1e-05,1e-05,1e-05,1e-05,1e-05,1e-05,1e-05,0.99989,1e-05,1e-05,1e-05
"439",1e-05,1e-05,0.862107,1e-05,0.081056,1e-05,1e-05,1e-05,1e-05,0.037741,1e-05,0.019016
"441",0.013286,1e-05,0.617746,1e-05,0.277617,0.072419,1e-05,1e-05,1e-05,0.018862,1e-05,1e-05
"442",1e-05,1e-05,1e-05,1e-05,1e-05,1e-05,1.7e-05,1e-05,1e-05,1e-05,1e-05,0.999883
"443",0.024954,1e-05,0.664936,1e-05,1e-05,1.7e-05,1e-05,1e-05,1e-05,0.273349,0.019694,0.01699
"444",1e-05,1e-05,0.99989,1e-05,1e-05,1e-05,1e-05,1e-05,1e-05,1e-05,1e-05,1e-05
"445",1e-05,1e-05,0.965531,1e-05,0.032148,1e-05,1e-05,1e-05,1e-05,1e-05,1e-05,0.002231
"446",0.026959,0.011886,0.341195,1e-05,0.08538,0.003584,1e-05,1e-05,0.183165,0.342496,1e-05,0.005294
"447",1e-05,1e-05,0.138984,1e-05,0.004436,1e-05,1e-05,1e-05,0.706602,0.145479,0.003464,0.000974
"448",1e-05,1e-05,0.974312,1e-05,1e-05,0.025588,1e-05,1e-05,1e-05,1e-05,1e-05,1e-05
"449",0.026598,1e-05,0.434883,1e-05,0.373589,0.092034,1.3e-05,1e-05,1e-05,0.069311,1e-05,0.003523
"450",1e-05,1e-05,0.960063,1e-05,0.008985,0.020969,1e-05,1e-05,0.009297,1e-05,1e-05,0.000615
"451",1e-05,1e-05,0.528177,1e-05,0.280827,1e-05,1e-05,1e-05,1e-05,0.172626,1e-05,0.018289
"452",1e-05,1e-05,0.180889,1e-05,0.111608,1e-05,1e-05,1e-05,0.017148,0.689019,1e-05,0.001266
"453",1e-05,1e-05,0.233183,1e-05,1e-05,1e-05,1e-05,1e-05,0.766717,1e-05,1e-05,1e-05
"454",1e-05,1e-05,0.663594,1e-05,1e-05,1e-05,1e-05,1e-05,0.328976,1e-05,1e-05,0.00734
"455",0.009751,1e-05,0.42058,1e-05,0.040203,1e-05,1e-05,0.100816,0.048182,0.365788,0.01463,1e-05
"456",1e-05,0.117943,0.277919,1e-05,0.029033,0.575024,1e-05,1e-05,1e-05,1e-05,1e-05,1e-05
"457",1e-05,0.064104,0.266097,1e-05,0.168282,0.469587,1e-05,1e-05,1e-05,0.005172,0.007274,0.019435
"458",0.087323,1e-05,0.28972,1e-05,0.008576,1e-05,1e-05,1e-05,0.42896,0.177186,1e-05,0.008175
"459",1e-05,1e-05,0.411472,0.004345,0.278553,0.203306,1e-05,1e-05,1e-05,0.096417,1e-05,0.005847
"460",1e-05,1e-05,0.376843,0.480597,1e-05,0.120958,1e-05,0.00355,1e-05,1e-05,1e-05,0.017982
"461",1e-05,1e-05,0.055322,1e-05,1e-05,0.944578,1e-05,1e-05,1e-05,1e-05,1e-05,1e-05
"462",1e-05,1e-05,0.837993,1e-05,1e-05,1e-05,1e-05,0.003905,1e-05,0.132445,1e-05,0.025576
"463",0.873421,1e-05,1e-05,1e-05,1e-05,1e-05,1e-05,1e-05,0.071211,0.050948,0.00434,1e-05
"464",1e-05,0.777393,0.177765,1e-05,1e-05,0.044752,1e-05,1e-05,1e-05,1e-05,1e-05,1e-05
"465",1e-05,0.85752,1e-05,1e-05,1e-05,0.11575,1e-05,0.000595,1e-05,0.026055,1e-05,1e-05
